[gd_scene load_steps=7 format=2]

[ext_resource path="res://actors/props/Prop.tscn" type="PackedScene" id=1]

[sub_resource type="BoxShape" id=7]
extents = Vector3( 0.5, 0.5, 0.5 )

[sub_resource type="SpatialMaterial" id=6]
albedo_color = Color( 0.435294, 0.309804, 0, 1 )

[sub_resource type="CubeMesh" id=8]
material = SubResource( 6 )
size = Vector3( 1, 1, 1 )

[sub_resource type="CylinderShape" id=9]
height = 1.5
radius = 0.15

[sub_resource type="CylinderMesh" id=10]
material = SubResource( 6 )
top_radius = 0.001
bottom_radius = 0.15
height = 1.5

[node name="Prop" instance=ExtResource( 1 )]

[node name="CollisionShape" parent="." index="2"]
visible = false
shape = SubResource( 7 )

[node name="Prop" parent="CollisionShape" index="0"]
visible = false
mesh = SubResource( 8 )

[node name="CollisionShape2" type="CollisionShape" parent="." index="3"]
transform = Transform( 1, 0, 0, 0, 0.886195, 0.463311, 0, -0.463311, 0.886195, 0, 0.55398, -0.752485 )
shape = SubResource( 9 )

[node name="MeshInstance" type="MeshInstance" parent="CollisionShape2" index="0"]
transform = Transform( 1, 0, 0, 0, 1, 0, 0, 0, 1, 0.0021739, -0.0013175, 0.00252029 )
mesh = SubResource( 10 )

[node name="CollisionShape3" type="CollisionShape" parent="." index="4"]
transform = Transform( 1, 0, 0, 0, 0.886195, 0.463311, 0, -0.463311, 0.886195, -0.570091, 0.55398, -0.752485 )
shape = SubResource( 9 )

[node name="MeshInstance" type="MeshInstance" parent="CollisionShape3" index="0"]
mesh = SubResource( 10 )

[node name="CollisionShape4" type="CollisionShape" parent="." index="5"]
transform = Transform( 1, 0, 0, 0, 0.886195, 0.463311, 0, -0.463311, 0.886195, 0.696903, 0.55398, -0.752485 )
shape = SubResource( 9 )

[node name="MeshInstance" type="MeshInstance" parent="CollisionShape4" index="0"]
mesh = SubResource( 10 )
